1309008 1313104
4096
1591020 1593946
2926
1578152 1580924
2772
1888510 1891116
2606
107557 109765
2208
1111258 1113236
1978
204401 206345
1944
1411437 1413370
1933
1984326 1986223
1897
1268029 1269917
1888
1568941 1570820
1879
199918 201795
1877
1994254 1996070
1816
1444184 1445959
1775
1798268 1800042
1774
404768 406512
1744
1793560 1795292
1732
269347 271000
1653
1122765 1124417
1652
1901652 1903276
1624
2011762 2013289
1527
1064625 1066137
1512
1156434 1157938
1504
1935749 1937224
1475
1036776 1038242
1466
988197 989644
1447
589629 591048
1419
86539 87938
1399
1989504 1990892
1388
480484 481871
1387
1870202 1871588
1386
289885 291259
1374
285853 287210
1357
1669662 1670985
1323
1225183 1226488
1305
835395 836699
1304
466667 467954
1287
714606 715888
1282
775993 777275
1282
410078 411350
1272
1766905 1768155
1250
746516 747765
1249
1604357 1605586
1229
822287 823490
1203
519855 521048
1193
897379 898571
1192
114584 115771
1187
400724 401911
1187
771215 772397
1182
224101 225202
1101
944761 945842
1081
175122 176170
1048
529449 530454
1005
852629 853631
1002
465102 466098
996
461615 462607
992
89129 90119
990
1358370 1359344
974
140050 141010
960
295861 296816
955
687194 688144
950
310744 311693
949
1031886 1032806
920
1937990 1938887
897
787681 788558
877
816043 816894
851
1954189 1955038
849
1634745 1635583
838
41064 41899
835
717252 718074
822
1072314 1073133
819
565810 566625
815
146134 146939
805
1087942 1088733
791
706934 707698
764
192956 193717
761
370830 371590
760
1671239 1671991
752
1905435 1906182
747
1050124 1050869
745
982595 983335
740
1808484 1809215
731
626165 626888
723
941735 942423
688
990021 990705
684
725738 726414
676
1512170 1512838
668
1774106 1774753
647
1706227 1706855
628
1581799 1582421
622
292574 293187
613
617746 618359
613
612006 612608
602
245834 246428
594
1005676 1006265
589
342799 343385
586
511194 511774
580
1712361 1712940
579
1697401 1697972
571
919035 919600
565
1718899 1719463
564
1871789 1872350
561
1716388 1716946
558
1029960 1030517
557
1347071 1347628
557
555029 555575
546
2043608 2044152
544
382348 382884
536
1166599 1167135
536
354495 355022
527
998871 999390
519
1083709 1084208
499
1056186 1056683
497
1642915 1643408
493
737780 738257
477
479675 480144
469
1022208 1022670
462
821569 822029
460
1107197 1107651
454
1264513 1264967
454
185777 186217
440
630470 630905
435
558242 558671
429
1907636 1908065
429
1315078 1315506
428
390972 391398
426
1637254 1637674
420
1209242 1209657
415
1756959 1757372
413
1882948 1883358
410
1939226 1939635
409
184535 184935
400
211977 212373
396
1130097 1130491
394
1917241 1917635
394
915773 916161
388
1086175 1086555
380
2016192 2016572
380
521866 522241
375
373752 374120
368
1878288 1878656
368
1299096 1299453
357
386023 386371
348
603931 604277
346
1073394 1073737
343
1640727 1641062
335
297071 297395
324
396811 397123
312
1790464 1790771
307
27543 27842
299
1526992 1527284
292
841735 842022
287
1833873 1834158
285
1258816 1259100
284
27180 27462
282
1679949 1680231
282
434245 434526
281
453689 453968
279
420822 421100
278
658908 659186
278
181774 182051
277
780651 780928
277
782722 782988
266
385657 385922
265
1879595 1879858
263
414420 414679
259
946613 946871
258
1301950 1302204
254
1699533 1699786
253
28365 28615
250
1696431 1696681
250
1185645 1185889
244
1791427 1791669
242
435513 435754
241
1957438 1957675
237
357537 357772
235
1046612 1046841
229
1207286 1207514
228
1934208 1934435
227
2034923 2035149
226
907644 907863
219
1234018 1234235
217
1152468 1152683
215
1713373 1713588
215
1501220 1501434
214
247820 248033
213
31066 31272
206
336331 336536
205
1588624 1588829
205
552103 552307
204
1460538 1460742
204
46559 46761
202
1382937 1383139
202
183901 184102
201
586771 586967
196
1255424 1255616
192
2008894 2009083
189
829670 829858
188
287846 288029
183
29599 29781
182
57683 57862
179
473169 473345
176
335012 335184
172
476321 476491
170
1275991 1276161
170
28162 28330
168
864471 864639
168
1727534 1727702
168
667149 667309
160
1720301 1720455
154
2015814 2015968
154
691596 691747
151
956946 957096
150
1929510 1929660
150
983713 983862
149
29441 29587
146
2015637 2015783
146
1741524 1741669
145
2016032 2016177
145
1599804 1599948
144
802254 802396
142
921005 921145
140
656283 656418
135
45810 45943
133
738497 738629
132
1900720 1900851
131
1316126 1316255
129
1775342 1775471
129
112826 112954
128
26993 27120
127
419600 419726
126
280548 280673
125
42569 42693
124
1949444 1949568
124
199443 199565
122
1105306 1105428
122
1737996 1738113
117
198419 198535
116
1231516 1231631
115
317673 317786
113
912006 912119
113
1786827 1786939
112
29788 29899
111
418516 418627
111
30338 30445
107
292019 292124
105
163556 163660
104
1621466 1621570
104
1943539 1943643
104
27862 27965
103
580916 581019
103
1116042 1116145
103
2044201 2044304
103
1217506 1217608
102
1035159 1035259
100
617284 617383
99
2009357 2009456
99
1014693 1014791
98
340422 340519
97
29973 30069
96
475680 475776
96
993905 994001
96
613620 613715
95
870007 870102
95
1564335 1564430
95
1454112 1454205
93
752758 752850
92
1886997 1887089
92
1996292 1996382
90
1533721 1533808
87
756862 756948
86
1792986 1793071
85
335263 335347
84
1770698 1770780
82
1841698 1841779
81
1526299 1526378
79
1198827 1198905
78
1182034 1182111
77
610484 610559
75
1646829 1646903
74
1929698 1929772
74
155892 155965
73
32160 32232
72
1978882 1978952
70
1203551 1203620
69
958242 958309
67
29349 29415
66
572374 572439
65
192293 192357
64
539470 539534
64
1247352 1247416
64
1968194 1968258
64
333844 333907
63
727634 727697
63
730376 730438
62
1048880 1048942
62
1800224 1800286
62
1865414 1865475
61
30962 31022
60
31447 31507
60
26704 26763
59
393702 393761
59
678730 678789
59
1223665 1223724
59
1641063 1641122
59
26803 26861
58
2016679 2016736
57
2042988 2043045
57
1188875 1188931
56
30783 30837
54
981315 981369
54
1221764 1221818
54
1314764 1314818
54
28029 28082
53
1341112 1341165
53
1891655 1891708
53
1040868 1040920
52
1211212 1211264
52
68343 68394
51
801600 801651
51
1921687 1921738
51
2014935 2014986
51
1685244 1685294
50
1927939 1927988
49
34286 34334
48
26875 26922
47
29005 29050
45
154593 154638
45
752476 752521
45
1367992 1368037
45
1498983 1499027
44
1527477 1527521
44
1946261 1946305
44
1406312 1406355
43
34756 34798
42
155648 155690
42
1253855 1253897
42
568027 568068
41
633926 633967
41
288720 288760
40
777466 777506
40
2015000 2015040
40
2034324 2034364
40
69105 69144
39
950213 950252
39
1388853 1388892
39
1446943 1446982
39
2040001 2040040
39
27973 28011
38
83036 83074
38
155748 155786
38
758238 758275
37
930900 930936
36
29275 29310
35
32549 32584
35
26943 26977
34
30160 30194
34
1747337 1747371
34
510041 510074
33
653220 653253
33
1141022 1141054
32
1942096 1942128
32
532637 532668
31
2020555 2020586
31
697399 697429
30
2016806 2016836
30
598621 598650
29
2019106 2019135
29
293616 293644
28
654121 654149
28
1431876 1431904
28
2014868 2014896
28
981275 981302
27
1608462 1608489
27
1988343 1988369
26
32686 32711
25
33473 33497
24
973925 973948
23
1471877 1471900
23
31849 31871
22
184954 184976
22
676972 676994
22
998842 998864
22
1568885 1568906
21
32431 32451
20
225413 225433
20
905748 905768
20
1802618 1802638
20
349343 349362
19
755433 755452
19
66457 66475
18
1079199 1079217
18
1486039 1486056
17
313246 313262
16
2014905 2014921
16
514015 514030
15
182363 182377
14
684653 684667
14
1039593 1039607
14
1914307 1914321
14
29422 29435
13
60061 60074
13
496355 496368
13
1045376 1045389
13
1188752 1188765
13
1532665 1532678
13
1547871 1547884
13
50227 50239
12
65368 65380
12
513988 514000
12
514204 514216
12
855209 855221
12
1074771 1074783
12
1762343 1762355
12
2020627 2020639
12
2030856 2030868
12
30859 30870
11
75452 75463
11
500233 500244
11
1140980 1140991
11
1153749 1153760
11
464277 464287
10
763695 763705
10
827250 827260
10
79805 79814
9
156415 156424
9
202227 202236
9
356945 356954
9
369009 369018
9
28979 28987
8
522463 522471
8
736833 736841
8
1194536 1194544
8
1242596 1242603
7
65926 65932
6
66115 66121
6
66241 66247
6
182330 182336
6
255202 255208
6
666558 666564
6
1069438 1069444
6
1127724 1127730
6
1211265 1211271
6
1334330 1334336
6
1801190 1801196
6
2000237 2000243
6
27537 27542
5
573222 573227
5
1062900 1062905
5
1116907 1116912
5
1140788 1140793
5
2015091 2015096
5
2033830 2033835
5
155875 155879
4
167592 167596
4
357390 357394
4
569113 569117
4
1349515 1349519
4
1602994 1602998
4
2001552 2001556
4
629202 629205
3
1055907 1055910
3
1197825 1197828
3
1379830 1379833
3
2043581 2043584
3
28845 28847
2
29900 29902
2
167461 167463
2
167511 167513
2
223028 223030
2
485831 485833
2
514662 514664
2
635471 635473
2
754814 754816
2
759556 759558
2
792891 792893
2
815186 815188
2
1018243 1018245
2
1097366 1097368
2
1134467 1134469
2
1161982 1161984
2
1240356 1240358
2
1288303 1288305
2
1470308 1470310
2
1719531 1719533
2
2009348 2009350
2
121657 121658
1
125415 125416
1
129279 129280
1
211199 211200
1
265934 265935
1
352938 352939
1
355377 355378
1
381465 381466
1
486611 486612
1
530996 530997
1
534699 534700
1
550700 550701
1
650908 650909
1
655674 655675
1
694186 694187
1
698689 698690
1
819882 819883
1
841447 841448
1
1024005 1024006
1
1034368 1034369
1
1045735 1045736
1
1055841 1055842
1
1059054 1059055
1
1062877 1062878
1
1103469 1103470
1
1134920 1134921
1
1256734 1256735
1
1343844 1343845
1
1343865 1343866
1
1369284 1369285
1
1590387 1590388
1
1630368 1630369
1
1666223 1666224
1
1685076 1685077
1
1698952 1698953
1
1747322 1747323
1
1753338 1753339
1
1872829 1872830
1
1914961 1914962
1
1997659 1997660
1
2009469 2009470
1
2015146 2015147
1
2027479 2027480
1
2027578 2027579
1
2033811 2033812
1
2035539 2035540
1
2093070 2093071
1
